0 1 2
3 4 5
6 7 8
9 10 11
12 13 14
15 16 17
18 19 20
21 22 23
24 25 26
27 28 29
30 31 32
33 34 35
36 37 38
39 40 41
42 43 44
45 46 47
48 49 50
51 52 53
54 55 56
57 58 59
60 61 62
63 64 65
66 67 68
69 70 71
72 73 74
75 76 77
78 79 80
0 3 6
1 4 7
2 5 8
9 12 15
10 13 16
11 14 17
18 21 24
19 22 25
20 23 26
27 30 33
28 31 34
29 32 35
36 39 42
37 40 43
38 41 44
45 48 51
46 49 52
47 50 53
54 57 60
55 58 61
56 59 62
63 66 69
64 67 70
65 68 71
72 75 78
73 76 79
74 77 80
0 9 18
1 10 19
2 11 20
3 12 21
4 13 22
5 14 23
6 15 24
7 16 25
8 17 26
27 36 45
28 37 46
29 38 47
30 39 48
31 40 49
32 41 50
33 42 51
34 43 52
35 44 53
54 63 72
55 64 73
56 65 74
57 66 75
58 67 76
59 68 77
60 69 78
61 70 79
62 71 80
0 27 54
1 28 55
2 29 56
3 30 57
4 31 58
5 32 59
6 33 60
7 34 61
8 35 62
9 36 63
10 37 64
11 38 65
12 39 66
13 40 67
14 41 68
15 42 69
16 43 70
17 44 71
18 45 72
19 46 73
20 47 74
21 48 75
22 49 76
23 50 77
24 51 78
25 52 79
26 53 80
0 4 8
2 4 6
0 36 72
18 36 54
9 13 17
11 13 15
1 37 73
19 37 55
18 22 26
20 22 24
2 38 74
20 38 56
27 31 35
29 31 33
3 39 75
21 39 57
36 40 44
38 40 42
4 40 76
22 40 58
45 49 53
47 49 51
5 41 77
23 41 59
54 58 62
56 58 60
6 42 78
24 42 60
63 67 71
65 67 69
7 43 79
25 43 61
72 76 80
74 76 78
8 44 80
26 44 62
0 10 20
2 10 18
0 28 56
2 28 54
0 12 24
6 12 18
0 30 60
6 30 54
3 13 23
5 13 21
3 31 59
5 31 57
1 13 25
7 13 19
1 31 61
7 31 55
6 16 26
8 16 24
6 34 62
8 34 60
2 14 26
8 14 20
2 32 62
8 32 56
27 37 47
29 37 45
9 37 65
11 37 63
27 39 51
33 39 45
9 39 69
15 39 63
30 40 50
32 40 48
12 40 68
14 40 66
28 40 52
34 40 46
10 40 70
16 40 64
33 43 53
35 43 51
15 43 71
17 43 69
29 41 53
35 41 47
11 41 71
17 41 65
54 64 74
56 64 72
18 46 74
20 46 72
54 66 78
60 66 72
18 48 78
24 48 72
57 67 77
59 67 75
21 49 77
23 49 75
55 67 79
61 67 73
19 49 79
25 49 73
60 70 80
62 70 78
24 52 80
26 52 78
56 68 80
62 68 74
20 50 80
26 50 74
0 13 26
2 13 24
6 13 20
8 13 18
0 31 62
2 31 60
6 31 56
8 31 54
0 37 74
2 37 72
18 37 56
20 37 54
0 39 78
6 39 72
18 39 60
24 39 54
27 40 53
29 40 51
33 40 47
35 40 45
9 40 71
11 40 69
15 40 65
17 40 63
3 40 77
5 40 75
21 40 59
23 40 57
1 40 79
7 40 73
19 40 61
25 40 55
54 67 80
56 67 78
60 67 74
62 67 72
18 49 80
20 49 78
24 49 74
26 49 72
6 43 80
8 43 78
24 43 62
26 43 60
2 41 80
8 41 74
20 41 62
26 41 56
0 40 80
2 40 78
6 40 74
8 40 72
18 40 62
20 40 60
24 40 56
26 40 54
